2353301
2353302
2353303
2353304
2353305
2353307
2353312
2353314
2353317
2353325
2353327
2353328
2353329
2353334
2353336
2353355
2353356
2353375
2353377
2353378
2353379
2353383
2353398
2353399
2353400
2353401
2353402
2353403
2353404
2353405
2353406
2353407
2353408
2353409
2353410
2353411
2353412
2353413
2353414
2353415
2353416
2353417
2353418
2353419
2353420
2353421
2353423
2353426
2353427
2353429
2353430
2353432
2353433
2353437
2353441
2353442
2353443
2353444
2353445
2353446
2353448
2353449
2353450
2353451
2353452
2353453
2353454
2353455
2353456
2353457
2353458
2353459
2353460
2353461
2353462
2353463
2353464
2353465
2353472
2353473
